[
  {
    "translation": [ 0.4590591,  -0.17247342,  0.03490742],
    "rotation": [[ 0.99909483, -0.03171337,  0.02800969],
      [-0.02760719, -0.99025183, -0.13645607],
      [ 0.03206413,  0.13555929, -0.99025007]]
  },
  {
    "translation": [ 0.55018271, -0.17267736,  0.03324654],
    "rotation": [[ 0.99777037, -0.03604925,  0.05599599],
      [-0.03345198, -0.99834147, -0.0466483],
      [ 0.05758476,  0.04467112, -0.99734066]]
  },
  {
    "translation": [ 0.38968506, -0.25923804,  0.01405562],
    "rotation": [[ 0.99848158,  0.01002643,  0.05398893],
      [ 0.01355991, -0.99775177, -0.06548555],
      [ 0.05321096,  0.0661182,  -0.99639191]]
  },
  {
    "translation": [ 0.53376881, -0.33898791,  0.01258701],
    "rotation": [[ 0.99930878, -0.03053659, -0.02074189],
      [-0.03035153, -0.99948751,  0.00917916],
      [-0.02101156, -0.00854327, -0.99974273]]
  },
  {
    "translation": [ 0.61999356, -0.34787472,  0.00873016],
    "rotation": [[ 0.99403726,  0.02220869,  0.10666612],
      [ 0.02512693, -0.99933405, -0.02609313],
      [ 0.10601559,  0.02861774, -0.99395246]]
  }
]