Tra: [0.6096255  0.1271784  0.02008005]
 Rot: [[-0.11705924  0.99311342  0.00190074]
 [ 0.9905303   0.11661634  0.07232698]
 [ 0.07160724  0.01034928 -0.99737916]]
 Qtn: [-0.02333395  0.66401603  0.74683578  0.02767552]
 from franka_tool to world





[INFO] [1743114650.964823]: Found yellow block at [-0.1691475547850132, 0.09795527532696724, 0.4637500047683716]

Tra: [-0.0392752  0.002778  -0.141785 ]
 Rot: [[-0.99856916  0.00388994 -0.05333394]
 [ 0.05344172  0.10809123 -0.99270352]
 [ 0.00190338 -0.99413337 -0.1081444 ]]
 Qtn: [-0.01855816  0.0192618  0.74411101 -0.66752032]
 from realsense to franka_tool



Tra: [ 0.51774226 -0.00269182  0.54178206]
 Rot: [[-0.99855665  0.00378362 -0.05339523]
 [-0.05349222 -0.1075567   0.99274916]
 [-0.00198687  0.99419164  0.10760588]]
 Qtn: [-0.01924776 -0.01861136  0.66771889  0.74392863]
 from realsense to world
Tra: [0.66225426 0.45620795 0.68940667]
 Rot: [[-0.99855665  0.00378362 -0.05339523]
 [-0.05349222 -0.1075567   0.99274916]
 [-0.00198687  0.99419164  0.10760588]]
 Qtn: [-0.01924776 -0.01861136  0.66771889  0.74392863]
 from block to world
Grasp in world frame: Tra: [0.66225426 0.45620795 0.67670667]
 Rot: [[ 9.98567740e-01  5.34928422e-02  9.92016781e-04]
 [ 5.34928158e-02 -9.98568233e-01  5.31418839e-05]
 [ 9.93439155e-04  1.26400356e-16 -9.99999507e-01]]
 Qtn: [-1.32902306e-05  9.99641871e-01  2.67559966e-02  4.96541810e-04]
 from franka_tool to world